
power = 2733.87132432046
throughput = 12882.69
composite = 5934.61176245842
